s1:
0x00: [64, 0, 0, 0, 0, 0, 0, 0, 0, 0, 0, 0, 0, 0, 0, 0]
0x01: [0, 0, 0, 6, 0, 2, 4, 4, 0, 10, 12, 4, 10, 6, 2, 4]
0x02: [0, 0, 0, 8, 0, 4, 4, 4, 0, 6, 8, 6, 12, 6, 4, 2]
0x03: [14, 4, 2, 2, 10, 6, 4, 2, 6, 4, 4, 0, 2, 2, 2, 0]
0x04: [0, 0, 0, 6, 0, 10, 10, 6, 0, 4, 6, 4, 2, 8, 6, 2]
0x05: [4, 8, 6, 2, 2, 4, 4, 2, 0, 4, 4, 0, 12, 2, 4, 6]
0x06: [0, 4, 2, 4, 8, 2, 6, 2, 8, 4, 4, 2, 4, 2, 0, 12]
0x07: [2, 4, 10, 4, 0, 4, 8, 4, 2, 4, 8, 2, 2, 2, 4, 4]
0x08: [0, 0, 0, 12, 0, 8, 8, 4, 0, 6, 2, 8, 8, 2, 2, 4]
0x09: [10, 2, 4, 0, 2, 4, 6, 0, 2, 2, 8, 0, 10, 0, 2, 12]
0x0a: [0, 8, 6, 2, 2, 8, 6, 0, 6, 4, 6, 0, 4, 0, 2, 10]
0x0b: [2, 4, 0, 10, 2, 2, 4, 0, 2, 6, 2, 6, 6, 4, 2, 12]
0x0c: [0, 0, 0, 8, 0, 6, 6, 0, 0, 6, 6, 4, 6, 6, 14, 2]
0x0d: [6, 6, 4, 8, 4, 8, 2, 6, 0, 6, 4, 6, 0, 2, 0, 2]
0x0e: [0, 4, 8, 8, 6, 6, 4, 0, 6, 6, 4, 0, 0, 4, 0, 8]
0x0f: [2, 0, 2, 4, 4, 6, 4, 2, 4, 8, 2, 2, 2, 6, 8, 8]
0x10: [0, 0, 0, 0, 0, 0, 2, 14, 0, 6, 6, 12, 4, 6, 8, 6]
0x11: [6, 8, 2, 4, 6, 4, 8, 6, 4, 0, 6, 6, 0, 4, 0, 0]
0x12: [0, 8, 4, 2, 6, 6, 4, 6, 6, 4, 2, 6, 6, 0, 4, 0]
0x13: [2, 4, 4, 6, 2, 0, 4, 6, 2, 0, 6, 8, 4, 6, 4, 6]
0x14: [0, 8, 8, 0, 10, 0, 4, 2, 8, 2, 2, 4, 4, 8, 4, 0]
0x15: [0, 4, 6, 4, 2, 2, 4, 10, 6, 2, 0, 10, 0, 4, 6, 4]
0x16: [0, 8, 10, 8, 0, 2, 2, 6, 10, 2, 0, 2, 0, 6, 2, 6]
0x17: [4, 4, 6, 0, 10, 6, 0, 2, 4, 4, 4, 6, 6, 6, 2, 0]
0x18: [0, 6, 6, 0, 8, 4, 2, 2, 2, 4, 6, 8, 6, 6, 2, 2]
0x19: [2, 6, 2, 4, 0, 8, 4, 6, 10, 4, 0, 4, 2, 8, 4, 0]
0x1a: [0, 6, 4, 0, 4, 6, 6, 6, 6, 2, 2, 0, 4, 4, 6, 8]
0x1b: [4, 4, 2, 4, 10, 6, 6, 4, 6, 2, 2, 4, 2, 2, 4, 2]
0x1c: [0, 10, 10, 6, 6, 0, 0, 12, 6, 4, 0, 0, 2, 4, 4, 0]
0x1d: [4, 2, 4, 0, 8, 0, 0, 2, 10, 0, 2, 6, 6, 6, 14, 0]
0x1e: [0, 2, 6, 0, 14, 2, 0, 0, 6, 4, 10, 8, 2, 2, 6, 2]
0x1f: [2, 4, 10, 6, 2, 2, 2, 8, 6, 8, 0, 0, 0, 4, 6, 4]
0x20: [0, 0, 0, 10, 0, 12, 8, 2, 0, 6, 4, 4, 4, 2, 0, 12]
0x21: [0, 4, 2, 4, 4, 8, 10, 0, 4, 4, 10, 0, 4, 0, 2, 8]
0x22: [10, 4, 6, 2, 2, 8, 2, 2, 2, 2, 6, 0, 4, 0, 4, 10]
0x23: [0, 4, 4, 8, 0, 2, 6, 0, 6, 6, 2, 10, 2, 4, 0, 10]
0x24: [12, 0, 0, 2, 2, 2, 2, 0, 14, 14, 2, 0, 2, 6, 2, 4]
0x25: [6, 4, 4, 12, 4, 4, 4, 10, 2, 2, 2, 0, 4, 2, 2, 2]
0x26: [0, 0, 4, 10, 10, 10, 2, 4, 0, 4, 6, 4, 4, 4, 2, 0]
0x27: [10, 4, 2, 0, 2, 4, 2, 0, 4, 8, 0, 4, 8, 8, 4, 4]
0x28: [12, 2, 2, 8, 2, 6, 12, 0, 0, 2, 6, 0, 4, 0, 6, 2]
0x29: [4, 2, 2, 10, 0, 2, 4, 0, 0, 14, 10, 2, 4, 6, 0, 4]
0x2a: [4, 2, 4, 6, 0, 2, 8, 2, 2, 14, 2, 6, 2, 6, 2, 2]
0x2b: [12, 2, 2, 2, 4, 6, 6, 2, 0, 2, 6, 2, 6, 0, 8, 4]
0x2c: [4, 2, 2, 4, 0, 2, 10, 4, 2, 2, 4, 8, 8, 4, 2, 6]
0x2d: [6, 2, 6, 2, 8, 4, 4, 4, 2, 4, 6, 0, 8, 2, 0, 6]
0x2e: [6, 6, 2, 2, 0, 2, 4, 6, 4, 0, 6, 2, 12, 2, 6, 4]
0x2f: [2, 2, 2, 2, 2, 6, 8, 8, 2, 4, 4, 6, 8, 2, 4, 2]
0x30: [0, 4, 6, 0, 12, 6, 2, 2, 8, 2, 4, 4, 6, 2, 2, 4]
0x31: [4, 8, 2, 10, 2, 2, 2, 2, 6, 0, 0, 2, 2, 4, 10, 8]
0x32: [4, 2, 6, 4, 4, 2, 2, 4, 6, 6, 4, 8, 2, 2, 8, 0]
0x33: [4, 4, 6, 2, 10, 8, 4, 2, 4, 0, 2, 2, 4, 6, 2, 4]
0x34: [0, 8, 16, 6, 2, 0, 0, 12, 6, 0, 0, 0, 0, 8, 0, 6]
0x35: [2, 2, 4, 0, 8, 0, 0, 0, 14, 4, 6, 8, 0, 2, 14, 0]
0x36: [2, 6, 2, 2, 8, 0, 2, 2, 4, 2, 6, 8, 6, 4, 10, 0]
0x37: [2, 2, 12, 4, 2, 4, 4, 10, 4, 4, 2, 6, 0, 2, 2, 4]
0x38: [0, 6, 2, 2, 2, 0, 2, 2, 4, 6, 4, 4, 4, 6, 10, 10]
0x39: [6, 2, 2, 4, 12, 6, 4, 8, 4, 0, 2, 4, 2, 4, 4, 0]
0x3a: [6, 4, 6, 4, 6, 8, 0, 6, 2, 2, 6, 2, 2, 6, 4, 0]
0x3b: [2, 6, 4, 0, 0, 2, 4, 6, 4, 6, 8, 6, 4, 4, 6, 2]
0x3c: [0, 10, 4, 0, 12, 0, 4, 2, 6, 0, 4, 12, 4, 4, 2, 0]
0x3d: [0, 8, 6, 2, 2, 6, 0, 8, 4, 4, 0, 4, 0, 12, 4, 4]
0x3e: [4, 8, 2, 2, 2, 4, 4, 14, 4, 2, 0, 2, 0, 8, 4, 4]
0x3f: [4, 8, 4, 2, 4, 0, 2, 4, 4, 2, 4, 8, 8, 6, 2, 2]
s2:
0x00: [64, 0, 0, 0, 0, 0, 0, 0, 0, 0, 0, 0, 0, 0, 0, 0]
0x01: [0, 0, 0, 4, 0, 2, 6, 4, 0, 14, 8, 6, 8, 4, 6, 2]
0x02: [0, 0, 0, 2, 0, 4, 6, 4, 0, 0, 4, 6, 10, 10, 12, 6]
0x03: [4, 8, 4, 8, 4, 6, 4, 2, 4, 2, 2, 4, 6, 2, 0, 4]
0x04: [0, 0, 0, 0, 0, 6, 0, 14, 0, 6, 10, 4, 10, 6, 4, 4]
0x05: [2, 0, 4, 8, 2, 4, 6, 6, 2, 0, 8, 4, 2, 4, 10, 2]
0x06: [0, 12, 6, 4, 6, 4, 6, 2, 2, 10, 2, 8, 2, 0, 0, 0]
0x07: [4, 6, 6, 4, 2, 4, 4, 2, 6, 4, 2, 4, 4, 6, 0, 6]
0x08: [0, 0, 0, 4, 0, 4, 0, 8, 0, 10, 16, 6, 6, 0, 6, 4]
0x09: [14, 2, 4, 10, 2, 8, 2, 6, 2, 4, 0, 0, 2, 2, 2, 4]
0x0a: [0, 6, 6, 2, 10, 4, 10, 2, 6, 2, 2, 4, 2, 2, 4, 2]
0x0b: [6, 2, 2, 0, 2, 4, 6, 2, 10, 2, 0, 6, 6, 4, 4, 8]
0x0c: [0, 0, 0, 4, 0, 14, 0, 10, 0, 6, 2, 4, 4, 8, 6, 6]
0x0d: [6, 2, 6, 2, 10, 2, 0, 4, 0, 10, 4, 2, 8, 2, 2, 4]
0x0e: [0, 6, 12, 8, 0, 4, 2, 0, 8, 2, 4, 4, 6, 2, 0, 6]
0x0f: [0, 8, 2, 0, 6, 6, 8, 2, 4, 4, 4, 6, 8, 0, 4, 2]
0x10: [0, 0, 0, 8, 0, 4, 10, 2, 0, 2, 8, 10, 0, 10, 6, 4]
0x11: [6, 6, 4, 6, 4, 0, 6, 4, 8, 2, 10, 2, 2, 4, 0, 0]
0x12: [0, 6, 2, 6, 2, 4, 12, 4, 6, 4, 0, 4, 4, 6, 2, 2]
0x13: [4, 0, 4, 0, 8, 6, 6, 0, 0, 2, 0, 6, 4, 8, 2, 14]
0x14: [0, 6, 6, 4, 10, 0, 2, 12, 6, 2, 2, 2, 4, 4, 2, 2]
0x15: [6, 8, 2, 0, 8, 2, 0, 2, 2, 2, 2, 2, 2, 14, 10, 2]
0x16: [0, 8, 6, 4, 2, 2, 4, 2, 6, 4, 6, 2, 6, 0, 6, 6]
0x17: [6, 4, 8, 6, 4, 4, 0, 4, 6, 2, 4, 4, 4, 2, 4, 2]
0x18: [0, 6, 4, 6, 10, 4, 0, 2, 4, 8, 0, 0, 4, 8, 2, 6]
0x19: [2, 4, 6, 4, 4, 2, 4, 2, 6, 4, 6, 8, 0, 6, 4, 2]
0x1a: [0, 6, 8, 4, 2, 4, 2, 2, 8, 2, 2, 6, 2, 4, 4, 8]
0x1b: [0, 6, 4, 4, 0, 12, 6, 4, 2, 2, 2, 4, 4, 2, 10, 2]
0x1c: [0, 4, 6, 6, 12, 0, 4, 0, 10, 2, 6, 2, 0, 0, 10, 2]
0x1d: [0, 6, 2, 2, 6, 0, 4, 16, 4, 4, 2, 0, 0, 4, 6, 8]
0x1e: [0, 4, 8, 2, 10, 6, 6, 0, 8, 4, 0, 2, 4, 4, 0, 6]
0x1f: [4, 2, 6, 6, 2, 2, 2, 4, 8, 6, 10, 6, 4, 0, 0, 2]
0x20: [0, 0, 0, 2, 0, 12, 10, 4, 0, 0, 0, 2, 14, 2, 8, 10]
0x21: [0, 4, 6, 8, 2, 10, 4, 2, 2, 6, 4, 2, 6, 2, 0, 6]
0x22: [4, 12, 8, 4, 2, 2, 0, 0, 2, 8, 8, 6, 0, 6, 0, 2]
0x23: [8, 2, 0, 2, 8, 4, 2, 6, 4, 8, 2, 2, 6, 4, 2, 4]
0x24: [10, 4, 0, 0, 0, 4, 0, 2, 6, 8, 6, 10, 8, 0, 2, 4]
0x25: [6, 0, 12, 2, 8, 6, 10, 0, 0, 8, 2, 6, 0, 0, 2, 2]
0x26: [2, 2, 4, 4, 2, 2, 10, 14, 2, 0, 4, 2, 2, 4, 6, 4]
0x27: [6, 0, 0, 2, 6, 4, 2, 4, 4, 4, 8, 4, 8, 0, 6, 6]
0x28: [8, 0, 8, 2, 4, 12, 2, 0, 2, 6, 2, 0, 6, 2, 0, 10]
0x29: [0, 2, 4, 10, 2, 8, 6, 4, 0, 10, 0, 2, 10, 0, 2, 4]
0x2a: [4, 0, 4, 8, 6, 2, 4, 4, 6, 6, 2, 6, 2, 2, 4, 4]
0x2b: [2, 2, 6, 4, 0, 2, 2, 6, 2, 8, 8, 4, 4, 4, 8, 2]
0x2c: [10, 6, 8, 6, 0, 6, 4, 4, 4, 2, 4, 4, 0, 0, 2, 4]
0x2d: [2, 2, 2, 4, 0, 0, 0, 2, 8, 4, 4, 6, 10, 2, 14, 4]
0x2e: [2, 4, 0, 2, 10, 4, 2, 0, 2, 2, 6, 2, 8, 8, 10, 2]
0x2f: [12, 4, 6, 8, 2, 6, 2, 8, 0, 4, 0, 2, 0, 8, 2, 0]
0x30: [0, 4, 0, 2, 4, 4, 8, 6, 10, 6, 2, 12, 0, 0, 0, 6]
0x31: [0, 10, 2, 0, 6, 2, 10, 2, 6, 0, 2, 0, 6, 6, 4, 8]
0x32: [8, 4, 6, 0, 6, 4, 4, 8, 4, 6, 8, 0, 2, 2, 2, 0]
0x33: [2, 2, 6, 10, 2, 0, 0, 6, 4, 4, 12, 8, 4, 2, 2, 0]
0x34: [0, 12, 6, 4, 6, 0, 4, 4, 4, 0, 4, 6, 4, 2, 4, 4]
0x35: [0, 12, 4, 6, 2, 4, 4, 0, 10, 0, 0, 8, 0, 8, 0, 6]
0x36: [8, 2, 4, 0, 4, 0, 4, 2, 0, 8, 4, 2, 6, 16, 2, 2]
0x37: [6, 2, 2, 2, 6, 6, 4, 8, 2, 2, 6, 2, 2, 2, 4, 8]
0x38: [0, 8, 8, 10, 6, 2, 2, 0, 4, 0, 4, 2, 4, 0, 4, 10]
0x39: [0, 2, 0, 0, 8, 0, 10, 4, 10, 0, 8, 4, 4, 4, 4, 6]
0x3a: [4, 0, 2, 8, 4, 2, 2, 2, 4, 8, 2, 0, 4, 10, 10, 2]
0x3b: [16, 4, 4, 2, 8, 2, 2, 6, 4, 4, 4, 2, 0, 2, 2, 2]
0x3c: [0, 2, 6, 2, 8, 4, 6, 0, 10, 2, 2, 4, 4, 10, 4, 0]
0x3d: [0, 16, 10, 2, 4, 2, 4, 2, 8, 0, 0, 8, 0, 6, 2, 0]
0x3e: [4, 4, 0, 10, 2, 4, 2, 14, 4, 2, 6, 6, 0, 0, 6, 0]
0x3f: [4, 0, 0, 2, 0, 8, 2, 4, 0, 2, 4, 4, 4, 14, 10, 6]
s3:
0x00: [64, 0, 0, 0, 0, 0, 0, 0, 0, 0, 0, 0, 0, 0, 0, 0]
0x01: [0, 0, 0, 2, 0, 4, 2, 12, 0, 14, 0, 4, 8, 2, 6, 10]
0x02: [0, 0, 0, 2, 0, 2, 0, 8, 0, 4, 12, 10, 4, 6, 8, 8]
0x03: [8, 6, 10, 4, 8, 6, 0, 6, 4, 4, 0, 0, 0, 4, 2, 2]
0x04: [0, 0, 0, 4, 0, 2, 4, 2, 0, 12, 8, 4, 6, 8, 10, 4]
0x05: [6, 2, 4, 8, 6, 10, 6, 2, 2, 8, 2, 0, 2, 0, 4, 2]
0x06: [0, 10, 6, 6, 10, 0, 4, 12, 2, 4, 0, 0, 6, 4, 0, 0]
0x07: [2, 0, 0, 4, 4, 4, 4, 2, 10, 4, 4, 8, 4, 4, 4, 6]
0x08: [0, 0, 0, 10, 0, 4, 4, 6, 0, 6, 6, 6, 6, 0, 8, 8]
0x09: [10, 2, 0, 2, 10, 4, 6, 2, 0, 6, 0, 4, 6, 2, 4, 6]
0x0a: [0, 10, 6, 0, 14, 6, 4, 0, 4, 6, 6, 0, 4, 0, 2, 2]
0x0b: [2, 6, 2, 10, 2, 2, 4, 0, 4, 2, 6, 0, 2, 8, 14, 0]
0x0c: [0, 0, 0, 8, 0, 12, 12, 4, 0, 8, 0, 4, 2, 10, 2, 2]
0x0d: [8, 2, 8, 0, 0, 4, 2, 0, 2, 8, 14, 2, 6, 2, 4, 2]
0x0e: [0, 4, 4, 2, 4, 2, 4, 4, 10, 4, 4, 4, 4, 4, 2, 8]
0x0f: [4, 6, 4, 6, 2, 2, 4, 8, 6, 2, 6, 2, 0, 6, 2, 4]
0x10: [0, 0, 0, 4, 0, 12, 4, 8, 0, 4, 2, 6, 2, 14, 0, 8]
0x11: [8, 2, 2, 6, 4, 0, 2, 0, 8, 4, 12, 2, 10, 0, 2, 2]
0x12: [0, 2, 8, 2, 4, 8, 0, 8, 8, 0, 2, 2, 4, 2, 14, 0]
0x13: [4, 4, 12, 0, 2, 2, 2, 10, 2, 2, 2, 2, 4, 4, 4, 8]
0x14: [0, 6, 4, 4, 6, 4, 6, 2, 8, 6, 6, 2, 2, 0, 0, 8]
0x15: [4, 8, 2, 8, 2, 4, 8, 0, 4, 2, 2, 2, 2, 6, 8, 2]
0x16: [0, 6, 10, 2, 8, 4, 2, 0, 2, 2, 2, 8, 4, 6, 4, 4]
0x17: [0, 6, 6, 0, 6, 2, 4, 4, 6, 2, 2, 10, 6, 8, 2, 0]
0x18: [0, 8, 4, 6, 6, 0, 6, 2, 4, 0, 4, 2, 10, 0, 6, 6]
0x19: [4, 2, 4, 8, 4, 2, 10, 2, 2, 2, 6, 8, 2, 6, 0, 2]
0x1a: [0, 8, 6, 4, 4, 0, 6, 4, 4, 8, 0, 10, 2, 2, 2, 4]
0x1b: [4, 10, 2, 0, 2, 4, 2, 4, 8, 2, 2, 8, 4, 2, 8, 2]
0x1c: [0, 6, 8, 8, 4, 2, 8, 0, 12, 0, 10, 0, 4, 0, 2, 0]
0x1d: [0, 2, 0, 6, 2, 8, 4, 6, 2, 0, 4, 2, 4, 10, 0, 14]
0x1e: [0, 4, 8, 2, 4, 6, 0, 4, 10, 0, 2, 6, 4, 8, 4, 2]
0x1f: [0, 6, 8, 0, 10, 6, 4, 6, 4, 2, 2, 10, 4, 0, 0, 2]
0x20: [0, 0, 0, 0, 0, 4, 4, 8, 0, 2, 2, 4, 10, 16, 12, 2]
0x21: [10, 8, 8, 0, 8, 4, 2, 4, 0, 6, 6, 6, 0, 0, 2, 0]
0x22: [12, 6, 4, 4, 2, 4, 10, 2, 0, 4, 4, 2, 4, 4, 0, 2]
0x23: [2, 2, 0, 6, 0, 2, 4, 0, 4, 12, 4, 2, 6, 4, 8, 8]
0x24: [4, 8, 2, 12, 6, 4, 2, 10, 2, 2, 2, 4, 2, 0, 4, 0]
0x25: [6, 0, 2, 0, 8, 2, 0, 2, 8, 8, 2, 2, 4, 4, 10, 6]
0x26: [6, 2, 0, 4, 4, 0, 4, 0, 4, 2, 14, 0, 8, 10, 0, 6]
0x27: [0, 2, 4, 16, 8, 6, 6, 6, 0, 2, 4, 4, 0, 2, 2, 2]
0x28: [6, 2, 10, 0, 6, 4, 0, 4, 4, 2, 4, 8, 2, 2, 8, 2]
0x29: [0, 2, 8, 4, 0, 4, 0, 6, 4, 10, 4, 8, 4, 4, 4, 2]
0x2a: [2, 6, 0, 4, 2, 4, 4, 6, 4, 8, 4, 4, 4, 2, 4, 6]
0x2b: [10, 2, 6, 6, 4, 4, 8, 0, 4, 2, 2, 0, 2, 4, 4, 6]
0x2c: [10, 4, 6, 2, 4, 2, 2, 2, 4, 10, 4, 4, 0, 2, 6, 2]
0x2d: [4, 2, 4, 4, 4, 2, 4, 16, 2, 0, 0, 4, 4, 2, 6, 6]
0x2e: [4, 0, 2, 10, 0, 6, 10, 4, 2, 6, 6, 2, 2, 0, 2, 8]
0x2f: [8, 2, 0, 0, 4, 4, 4, 2, 6, 4, 6, 2, 4, 8, 4, 6]
0x30: [0, 10, 8, 6, 2, 0, 4, 2, 10, 4, 4, 6, 2, 0, 6, 0]
0x31: [2, 6, 2, 0, 4, 2, 8, 8, 2, 2, 2, 0, 2, 12, 6, 6]
0x32: [2, 0, 4, 8, 2, 8, 4, 4, 8, 4, 2, 8, 6, 2, 0, 2]
0x33: [4, 4, 6, 8, 6, 6, 0, 2, 2, 2, 6, 4, 12, 0, 0, 2]
0x34: [0, 6, 2, 2, 16, 2, 2, 2, 12, 2, 4, 0, 4, 2, 0, 8]
0x35: [4, 6, 0, 10, 8, 0, 2, 2, 6, 0, 0, 6, 2, 10, 2, 6]
0x36: [4, 4, 4, 4, 0, 6, 6, 4, 4, 4, 4, 4, 0, 6, 2, 8]
0x37: [4, 8, 2, 4, 2, 2, 6, 0, 2, 4, 8, 4, 10, 0, 6, 2]
0x38: [0, 8, 12, 0, 2, 2, 6, 6, 2, 10, 2, 2, 0, 8, 0, 4]
0x39: [2, 6, 4, 0, 6, 4, 6, 4, 8, 0, 4, 4, 2, 4, 8, 2]
0x3a: [6, 0, 2, 2, 4, 6, 4, 4, 4, 2, 2, 6, 12, 2, 6, 2]
0x3b: [2, 2, 6, 0, 0, 10, 4, 8, 4, 2, 4, 8, 4, 4, 0, 6]
0x3c: [0, 2, 4, 2, 12, 2, 0, 6, 2, 0, 2, 8, 4, 6, 4, 10]
0x3d: [4, 6, 8, 6, 2, 2, 2, 2, 10, 2, 6, 6, 2, 4, 2, 0]
0x3e: [8, 6, 4, 4, 2, 10, 2, 0, 2, 2, 4, 2, 4, 2, 10, 2]
0x3f: [2, 6, 4, 0, 0, 10, 8, 2, 2, 8, 6, 4, 6, 2, 0, 4]
s4:
0x00: [64, 0, 0, 0, 0, 0, 0, 0, 0, 0, 0, 0, 0, 0, 0, 0]
0x01: [0, 0, 0, 0, 0, 16, 16, 0, 0, 16, 16, 0, 0, 0, 0, 0]
0x02: [0, 0, 0, 8, 0, 4, 4, 8, 0, 4, 4, 8, 8, 8, 8, 0]
0x03: [8, 6, 2, 0, 2, 4, 8, 2, 6, 0, 4, 6, 0, 6, 2, 8]
0x04: [0, 0, 0, 8, 0, 0, 12, 4, 0, 12, 0, 4, 8, 4, 4, 8]
0x05: [4, 2, 2, 8, 2, 12, 0, 2, 2, 0, 12, 2, 8, 2, 2, 4]
0x06: [0, 8, 8, 4, 8, 8, 0, 0, 8, 0, 8, 0, 4, 0, 0, 8]
0x07: [4, 2, 6, 4, 6, 0, 16, 6, 2, 0, 0, 2, 4, 2, 6, 4]
0x08: [0, 0, 0, 4, 0, 8, 4, 8, 0, 4, 8, 8, 4, 8, 8, 0]
0x09: [8, 4, 4, 4, 4, 0, 8, 4, 4, 0, 0, 4, 4, 4, 4, 8]
0x0a: [0, 6, 6, 0, 6, 4, 4, 6, 6, 4, 4, 6, 0, 6, 6, 0]
0x0b: [0, 12, 0, 8, 0, 0, 0, 0, 12, 0, 0, 12, 8, 12, 0, 0]
0x0c: [0, 0, 0, 4, 0, 8, 4, 8, 0, 4, 8, 8, 4, 8, 8, 0]
0x0d: [8, 4, 4, 4, 4, 0, 0, 4, 4, 8, 0, 4, 4, 4, 4, 8]
0x0e: [0, 6, 6, 4, 6, 0, 4, 6, 6, 4, 0, 6, 4, 6, 6, 0]
0x0f: [0, 6, 6, 4, 6, 4, 0, 6, 6, 0, 4, 6, 4, 6, 6, 0]
0x10: [0, 0, 0, 0, 0, 8, 12, 4, 0, 12, 8, 4, 0, 4, 4, 8]
0x11: [4, 2, 2, 16, 2, 4, 0, 2, 2, 0, 4, 2, 16, 2, 2, 4]
0x12: [0, 0, 0, 8, 0, 4, 4, 8, 0, 4, 4, 8, 8, 8, 8, 0]
0x13: [8, 2, 6, 0, 6, 4, 0, 6, 2, 8, 4, 2, 0, 2, 6, 8]
0x14: [0, 8, 8, 0, 8, 0, 8, 0, 8, 8, 0, 0, 0, 0, 0, 16]
0x15: [8, 4, 4, 0, 4, 8, 0, 4, 4, 0, 8, 4, 0, 4, 4, 8]
0x16: [0, 8, 8, 4, 8, 8, 0, 0, 8, 0, 8, 0, 4, 0, 0, 8]
0x17: [4, 6, 2, 4, 2, 0, 0, 2, 6, 16, 0, 6, 4, 6, 2, 4]
0x18: [0, 8, 8, 8, 8, 4, 0, 0, 8, 0, 4, 0, 8, 0, 0, 8]
0x19: [4, 4, 4, 0, 4, 4, 16, 4, 4, 0, 4, 4, 0, 4, 4, 4]
0x1a: [0, 6, 6, 4, 6, 0, 4, 6, 6, 4, 0, 6, 4, 6, 6, 0]
0x1b: [0, 6, 6, 4, 6, 4, 0, 6, 6, 0, 4, 6, 4, 6, 6, 0]
0x1c: [0, 8, 8, 8, 8, 4, 0, 0, 8, 0, 4, 0, 8, 0, 0, 8]
0x1d: [4, 4, 4, 0, 4, 4, 0, 4, 4, 16, 4, 4, 0, 4, 4, 4]
0x1e: [0, 6, 6, 0, 6, 4, 4, 6, 6, 4, 4, 6, 0, 6, 6, 0]
0x1f: [0, 0, 12, 8, 12, 0, 0, 12, 0, 0, 0, 0, 8, 0, 12, 0]
0x20: [0, 0, 0, 8, 0, 0, 0, 12, 0, 0, 0, 12, 8, 12, 12, 0]
0x21: [0, 4, 8, 0, 8, 4, 8, 8, 4, 0, 4, 4, 0, 4, 8, 0]
0x22: [8, 2, 2, 0, 2, 4, 8, 6, 2, 8, 4, 6, 0, 6, 6, 0]
0x23: [4, 6, 2, 8, 2, 4, 0, 2, 6, 0, 4, 6, 8, 6, 2, 4]
0x24: [0, 6, 6, 4, 6, 4, 0, 6, 6, 0, 4, 6, 4, 6, 6, 0]
0x25: [0, 8, 4, 4, 4, 0, 0, 4, 8, 8, 0, 8, 4, 8, 4, 0]
0x26: [0, 6, 6, 0, 6, 4, 8, 2, 6, 8, 4, 2, 0, 2, 2, 8]
0x27: [4, 6, 2, 8, 2, 4, 0, 2, 6, 0, 4, 6, 8, 6, 2, 4]
0x28: [16, 4, 4, 0, 4, 4, 4, 4, 4, 4, 4, 4, 0, 4, 4, 0]
0x29: [0, 6, 2, 8, 2, 4, 0, 2, 6, 8, 4, 6, 8, 6, 2, 0]
0x2a: [0, 2, 2, 16, 2, 4, 4, 2, 2, 4, 4, 2, 16, 2, 2, 0]
0x2b: [8, 0, 4, 0, 4, 8, 16, 4, 0, 0, 8, 0, 0, 0, 4, 8]
0x2c: [8, 4, 4, 4, 4, 0, 8, 4, 4, 8, 0, 4, 4, 4, 4, 0]
0x2d: [4, 2, 6, 4, 6, 8, 0, 6, 2, 0, 8, 2, 4, 2, 6, 4]
0x2e: [16, 0, 0, 0, 0, 16, 0, 0, 0, 0, 16, 0, 0, 0, 0, 16]
0x2f: [16, 0, 0, 0, 0, 0, 16, 0, 0, 16, 0, 0, 0, 0, 0, 16]
0x30: [0, 6, 6, 4, 6, 4, 0, 6, 6, 0, 4, 6, 4, 6, 6, 0]
0x31: [0, 8, 4, 4, 4, 0, 0, 4, 8, 8, 0, 8, 4, 8, 4, 0]
0x32: [16, 6, 6, 4, 6, 0, 4, 2, 6, 4, 0, 2, 4, 2, 2, 0]
0x33: [0, 2, 6, 4, 6, 8, 8, 6, 2, 0, 8, 2, 4, 2, 6, 0]
0x34: [0, 12, 12, 8, 12, 0, 0, 0, 12, 0, 0, 0, 8, 0, 0, 0]
0x35: [0, 4, 8, 0, 8, 4, 8, 8, 4, 0, 4, 4, 0, 4, 8, 0]
0x36: [0, 2, 2, 4, 2, 0, 4, 6, 2, 4, 0, 6, 4, 6, 6, 16]
0x37: [0, 2, 6, 4, 6, 8, 8, 6, 2, 0, 8, 2, 4, 2, 6, 0]
0x38: [0, 4, 4, 0, 4, 4, 4, 4, 4, 4, 4, 4, 0, 4, 4, 16]
0x39: [0, 6, 2, 8, 2, 4, 0, 2, 6, 8, 4, 6, 8, 6, 2, 0]
0x3a: [0, 4, 4, 0, 4, 8, 8, 4, 4, 8, 8, 4, 0, 4, 4, 0]
0x3b: [16, 4, 4, 0, 4, 0, 0, 4, 4, 0, 0, 4, 0, 4, 4, 16]
0x3c: [0, 4, 4, 4, 4, 0, 8, 4, 4, 8, 0, 4, 4, 4, 4, 8]
0x3d: [4, 2, 6, 4, 6, 8, 0, 6, 2, 0, 8, 2, 4, 2, 6, 4]
0x3e: [0, 2, 2, 8, 2, 12, 4, 2, 2, 4, 12, 2, 8, 2, 2, 0]
0x3f: [8, 4, 0, 8, 0, 0, 0, 0, 4, 16, 0, 4, 8, 4, 0, 8]
s5:
0x00: [64, 0, 0, 0, 0, 0, 0, 0, 0, 0, 0, 0, 0, 0, 0, 0]
0x01: [0, 0, 0, 4, 0, 10, 8, 6, 0, 4, 2, 2, 12, 10, 2, 4]
0x02: [0, 0, 0, 4, 0, 10, 6, 4, 0, 6, 4, 2, 4, 8, 10, 6]
0x03: [8, 2, 4, 6, 4, 4, 2, 2, 6, 8, 6, 4, 4, 0, 2, 2]
0x04: [0, 0, 0, 8, 0, 4, 10, 6, 0, 6, 6, 4, 8, 6, 0, 6]
0x05: [12, 2, 0, 4, 0, 4, 8, 2, 4, 0, 16, 2, 0, 2, 0, 8]
0x06: [0, 8, 4, 6, 4, 6, 2, 2, 4, 4, 6, 0, 6, 0, 2, 10]
0x07: [2, 0, 4, 8, 4, 2, 6, 6, 2, 8, 6, 2, 2, 0, 6, 6]
0x08: [0, 0, 0, 2, 0, 8, 10, 4, 0, 4, 10, 4, 8, 4, 4, 6]
0x09: [8, 6, 0, 4, 0, 6, 6, 2, 2, 10, 2, 8, 6, 2, 0, 2]
0x0a: [0, 6, 8, 6, 0, 8, 0, 0, 8, 10, 4, 2, 8, 0, 0, 4]
0x0b: [4, 2, 2, 4, 8, 10, 6, 4, 2, 6, 2, 2, 6, 2, 2, 2]
0x0c: [0, 0, 0, 10, 0, 2, 10, 2, 0, 6, 10, 6, 6, 6, 2, 4]
0x0d: [10, 4, 2, 2, 0, 6, 16, 0, 0, 2, 10, 2, 2, 4, 0, 4]
0x0e: [0, 6, 4, 8, 4, 6, 10, 2, 4, 4, 4, 2, 4, 0, 2, 4]
0x0f: [4, 4, 0, 8, 0, 2, 0, 2, 8, 2, 4, 2, 8, 4, 4, 12]
0x10: [0, 0, 0, 0, 0, 4, 4, 12, 0, 2, 8, 10, 4, 6, 12, 2]
0x11: [6, 6, 10, 10, 4, 0, 2, 6, 2, 4, 0, 6, 2, 4, 2, 0]
0x12: [0, 2, 4, 2, 10, 4, 0, 10, 8, 6, 0, 6, 0, 6, 6, 0]
0x13: [0, 0, 6, 2, 8, 0, 0, 4, 4, 6, 2, 8, 2, 8, 10, 4]
0x14: [0, 12, 2, 6, 4, 0, 4, 4, 8, 4, 4, 4, 6, 2, 4, 0]
0x15: [4, 8, 0, 2, 8, 0, 2, 4, 2, 2, 4, 2, 4, 8, 8, 6]
0x16: [0, 6, 10, 2, 14, 0, 2, 2, 4, 4, 0, 6, 0, 4, 6, 4]
0x17: [0, 6, 8, 4, 8, 4, 0, 2, 8, 4, 0, 2, 2, 8, 6, 2]
0x18: [0, 10, 8, 0, 6, 4, 0, 4, 4, 4, 6, 4, 4, 4, 0, 6]
0x19: [0, 4, 6, 2, 4, 4, 2, 6, 4, 2, 2, 4, 12, 2, 10, 0]
0x1a: [0, 2, 16, 2, 12, 2, 0, 6, 4, 0, 0, 4, 0, 4, 4, 8]
0x1b: [2, 8, 12, 0, 0, 2, 2, 6, 8, 4, 0, 6, 0, 0, 8, 6]
0x1c: [0, 10, 2, 6, 6, 6, 6, 4, 8, 2, 0, 4, 4, 4, 2, 0]
0x1d: [4, 6, 2, 0, 8, 2, 4, 6, 6, 0, 8, 6, 2, 4, 2, 4]
0x1e: [0, 2, 6, 2, 4, 0, 0, 2, 12, 2, 2, 6, 2, 10, 10, 4]
0x1f: [0, 6, 8, 4, 8, 8, 0, 6, 6, 2, 0, 6, 0, 6, 2, 2]
0x20: [0, 0, 0, 8, 0, 8, 2, 6, 0, 4, 4, 4, 6, 6, 8, 8]
0x21: [0, 0, 0, 6, 6, 2, 6, 4, 6, 10, 14, 4, 0, 0, 4, 2]
0x22: [14, 4, 0, 10, 0, 2, 12, 2, 2, 2, 10, 2, 0, 0, 2, 2]
0x23: [2, 0, 0, 4, 2, 2, 10, 4, 0, 8, 8, 2, 6, 8, 0, 8]
0x24: [6, 2, 8, 4, 4, 4, 6, 2, 2, 6, 6, 2, 6, 2, 2, 2]
0x25: [6, 0, 0, 8, 2, 8, 2, 6, 6, 4, 2, 2, 4, 2, 6, 6]
0x26: [12, 0, 0, 4, 0, 4, 4, 4, 0, 8, 4, 0, 12, 8, 0, 4]
0x27: [12, 2, 0, 2, 0, 12, 2, 2, 4, 4, 8, 4, 8, 2, 2, 0]
0x28: [2, 8, 4, 6, 2, 4, 6, 0, 6, 6, 4, 0, 2, 2, 2, 10]
0x29: [6, 4, 6, 8, 8, 4, 6, 2, 0, 0, 2, 2, 10, 0, 2, 4]
0x2a: [4, 4, 0, 2, 2, 4, 6, 2, 0, 0, 6, 4, 10, 4, 4, 12]
0x2b: [4, 6, 2, 6, 0, 0, 12, 2, 0, 4, 12, 2, 6, 4, 0, 4]
0x2c: [8, 6, 2, 6, 4, 8, 6, 0, 4, 4, 0, 2, 6, 0, 6, 2]
0x2d: [4, 4, 0, 4, 0, 6, 4, 2, 4, 12, 0, 4, 4, 6, 4, 6]
0x2e: [6, 0, 2, 4, 0, 6, 6, 4, 2, 10, 6, 10, 6, 2, 0, 0]
0x2f: [10, 4, 0, 2, 2, 6, 10, 2, 0, 2, 2, 4, 6, 2, 2, 10]
0x30: [0, 4, 8, 4, 6, 4, 0, 6, 10, 4, 2, 4, 2, 6, 4, 0]
0x31: [0, 6, 6, 4, 10, 2, 0, 0, 4, 4, 0, 0, 4, 6, 12, 6]
0x32: [4, 6, 0, 2, 6, 4, 6, 0, 6, 0, 4, 6, 4, 10, 6, 0]
0x33: [8, 10, 0, 14, 8, 0, 0, 8, 2, 0, 2, 4, 0, 4, 4, 0]
0x34: [0, 4, 4, 2, 14, 4, 0, 8, 6, 8, 2, 2, 0, 4, 6, 0]
0x35: [0, 4, 16, 0, 8, 4, 0, 4, 4, 4, 0, 8, 0, 4, 4, 4]
0x36: [4, 4, 4, 6, 2, 2, 2, 12, 2, 4, 4, 8, 2, 4, 4, 0]
0x37: [4, 2, 2, 2, 4, 2, 0, 8, 2, 2, 2, 12, 6, 2, 8, 6]
0x38: [0, 4, 8, 4, 12, 0, 0, 8, 10, 2, 0, 0, 0, 4, 2, 10]
0x39: [0, 8, 12, 0, 2, 2, 2, 2, 12, 4, 0, 8, 0, 4, 4, 4]
0x3a: [0, 14, 4, 0, 4, 6, 0, 0, 6, 2, 10, 8, 0, 0, 4, 6]
0x3b: [0, 2, 2, 2, 4, 4, 8, 6, 8, 2, 2, 2, 6, 14, 2, 0]
0x3c: [0, 0, 10, 2, 6, 0, 0, 2, 6, 2, 2, 10, 2, 4, 10, 8]
0x3d: [0, 6, 12, 2, 4, 8, 0, 8, 8, 2, 2, 0, 2, 2, 4, 4]
0x3e: [4, 4, 10, 0, 2, 4, 8, 8, 2, 2, 0, 2, 6, 8, 4, 0]
0x3f: [8, 6, 6, 0, 4, 2, 2, 4, 4, 2, 8, 6, 2, 4, 6, 0]
s6:
0x00: [64, 0, 0, 0, 0, 0, 0, 0, 0, 0, 0, 0, 0, 0, 0, 0]
0x01: [0, 0, 0, 6, 0, 2, 6, 2, 0, 4, 2, 4, 6, 16, 14, 2]
0x02: [0, 0, 0, 2, 0, 10, 6, 10, 0, 2, 4, 8, 6, 6, 8, 2]
0x03: [0, 8, 0, 8, 0, 6, 4, 6, 4, 4, 4, 12, 2, 4, 2, 0]
0x04: [0, 0, 0, 8, 0, 0, 8, 0, 0, 6, 8, 10, 2, 4, 10, 8]
0x05: [10, 2, 4, 4, 4, 8, 8, 4, 2, 2, 0, 4, 0, 8, 0, 4]
0x06: [0, 8, 4, 4, 8, 4, 2, 2, 12, 0, 2, 6, 6, 2, 2, 2]
0x07: [6, 6, 4, 0, 2, 10, 2, 2, 2, 2, 6, 6, 8, 0, 6, 2]
0x08: [0, 0, 0, 6, 0, 2, 16, 4, 0, 2, 6, 2, 4, 12, 6, 4]
0x09: [10, 4, 2, 6, 0, 2, 6, 2, 4, 0, 8, 6, 4, 4, 2, 4]
0x0a: [0, 14, 4, 4, 0, 2, 2, 2, 10, 4, 4, 4, 6, 4, 2, 2]
0x0b: [4, 6, 2, 0, 2, 2, 12, 8, 2, 2, 2, 6, 8, 2, 0, 6]
0x0c: [0, 0, 0, 12, 0, 10, 4, 6, 0, 8, 4, 4, 2, 12, 2, 0]
0x0d: [12, 0, 2, 10, 6, 4, 4, 2, 4, 2, 6, 0, 2, 6, 0, 4]
0x0e: [0, 6, 4, 0, 4, 4, 10, 8, 6, 2, 4, 6, 2, 0, 6, 2]
0x0f: [2, 2, 2, 2, 6, 2, 6, 2, 10, 4, 8, 2, 6, 4, 4, 2]
0x10: [0, 0, 0, 8, 0, 8, 0, 12, 0, 4, 2, 6, 8, 4, 6, 6]
0x11: [6, 2, 6, 4, 6, 2, 6, 4, 6, 6, 4, 2, 4, 0, 6, 0]
0x12: [0, 8, 4, 2, 0, 4, 2, 0, 4, 10, 6, 2, 8, 6, 4, 4]
0x13: [6, 6, 12, 0, 12, 2, 0, 6, 6, 2, 0, 4, 0, 2, 4, 2]
0x14: [0, 4, 6, 2, 8, 6, 0, 2, 6, 10, 4, 0, 2, 4, 6, 4]
0x15: [2, 2, 6, 6, 4, 4, 2, 6, 2, 6, 8, 4, 4, 0, 4, 4]
0x16: [0, 4, 14, 6, 8, 4, 2, 6, 2, 0, 2, 0, 4, 2, 0, 10]
0x17: [2, 6, 8, 0, 0, 2, 0, 2, 2, 6, 0, 8, 8, 2, 12, 6]
0x18: [0, 4, 6, 6, 8, 4, 2, 2, 6, 4, 6, 4, 2, 4, 2, 4]
0x19: [2, 6, 0, 2, 4, 4, 4, 6, 4, 8, 6, 4, 2, 2, 6, 4]
0x1a: [0, 6, 6, 0, 8, 2, 4, 6, 4, 2, 4, 6, 2, 0, 4, 10]
0x1b: [0, 4, 10, 2, 4, 4, 2, 6, 6, 6, 2, 2, 6, 6, 2, 2]
0x1c: [0, 0, 8, 2, 12, 2, 6, 2, 8, 6, 6, 2, 4, 0, 4, 2]
0x1d: [2, 4, 0, 6, 8, 6, 0, 2, 6, 8, 6, 0, 2, 4, 0, 10]
0x1e: [0, 10, 8, 2, 8, 2, 0, 2, 6, 4, 2, 4, 6, 4, 2, 4]
0x1f: [0, 6, 6, 8, 6, 4, 2, 4, 4, 2, 2, 0, 2, 4, 2, 12]
0x20: [0, 0, 0, 0, 0, 6, 6, 4, 0, 4, 8, 8, 4, 6, 10, 8]
0x21: [2, 8, 6, 8, 4, 4, 6, 6, 8, 4, 0, 4, 0, 2, 2, 0]
0x22: [16, 2, 4, 6, 2, 4, 2, 0, 6, 4, 8, 2, 0, 2, 2, 4]
0x23: [0, 4, 0, 4, 4, 6, 10, 4, 2, 2, 6, 2, 4, 6, 6, 4]
0x24: [10, 8, 0, 6, 12, 6, 10, 4, 8, 0, 0, 0, 0, 0, 0, 0]
0x25: [0, 2, 4, 2, 0, 4, 4, 0, 4, 0, 10, 10, 4, 10, 6, 4]
0x26: [2, 2, 0, 12, 2, 2, 6, 2, 4, 4, 8, 0, 6, 6, 8, 0]
0x27: [8, 4, 0, 8, 2, 4, 2, 4, 0, 6, 2, 4, 4, 8, 2, 6]
0x28: [6, 8, 4, 6, 0, 4, 2, 2, 4, 8, 2, 6, 4, 2, 2, 4]
0x29: [2, 4, 4, 0, 8, 8, 6, 8, 6, 4, 0, 4, 4, 4, 2, 0]
0x2a: [6, 0, 0, 6, 6, 4, 6, 8, 2, 4, 0, 2, 2, 4, 6, 8]
0x2b: [12, 0, 4, 0, 0, 4, 2, 2, 2, 6, 10, 6, 10, 2, 4, 0]
0x2c: [4, 2, 6, 0, 0, 6, 8, 6, 4, 2, 2, 8, 4, 6, 4, 2]
0x2d: [6, 2, 2, 6, 6, 4, 4, 2, 6, 2, 4, 8, 4, 2, 4, 2]
0x2e: [4, 6, 2, 4, 2, 4, 4, 2, 4, 2, 4, 6, 4, 10, 4, 2]
0x2f: [10, 0, 4, 8, 0, 6, 6, 2, 0, 4, 4, 2, 6, 2, 2, 8]
0x30: [0, 12, 8, 2, 0, 6, 0, 0, 6, 6, 0, 2, 8, 2, 6, 6]
0x31: [2, 6, 10, 4, 2, 2, 2, 4, 6, 0, 2, 6, 0, 2, 4, 12]
0x32: [4, 2, 2, 8, 10, 8, 8, 6, 0, 2, 2, 4, 4, 2, 2, 0]
0x33: [4, 2, 2, 2, 6, 0, 4, 0, 10, 6, 6, 4, 0, 4, 8, 6]
0x34: [0, 4, 4, 2, 6, 4, 0, 4, 6, 2, 6, 4, 2, 8, 0, 12]
0x35: [6, 12, 4, 2, 4, 2, 2, 4, 8, 2, 2, 0, 6, 4, 4, 2]
0x36: [0, 2, 2, 4, 4, 4, 4, 0, 2, 10, 12, 4, 0, 10, 4, 2]
0x37: [10, 2, 2, 6, 14, 2, 2, 6, 2, 0, 4, 6, 2, 0, 4, 2]
0x38: [0, 4, 14, 0, 8, 2, 0, 4, 4, 4, 2, 0, 8, 2, 4, 8]
0x39: [2, 4, 8, 0, 6, 2, 0, 6, 2, 6, 4, 2, 8, 6, 2, 6]
0x3a: [8, 4, 0, 4, 6, 2, 0, 4, 6, 8, 6, 0, 6, 0, 4, 6]
0x3b: [0, 4, 6, 6, 2, 2, 2, 14, 0, 12, 0, 4, 2, 2, 8, 0]
0x3c: [0, 6, 16, 0, 2, 2, 2, 8, 4, 2, 0, 12, 6, 2, 2, 0]
0x3d: [0, 6, 2, 2, 2, 6, 8, 2, 4, 2, 6, 2, 6, 2, 4, 10]
0x3e: [4, 2, 2, 4, 4, 0, 6, 10, 4, 2, 4, 6, 6, 2, 6, 2]
0x3f: [0, 4, 6, 6, 4, 8, 4, 0, 4, 8, 4, 0, 4, 8, 2, 2]
s7:
0x00: [64, 0, 0, 0, 0, 0, 0, 0, 0, 0, 0, 0, 0, 0, 0, 0]
0x01: [0, 0, 0, 2, 0, 4, 4, 14, 0, 12, 4, 6, 2, 6, 6, 4]
0x02: [0, 0, 0, 0, 0, 12, 2, 2, 0, 4, 0, 4, 8, 12, 6, 14]
0x03: [8, 2, 12, 2, 6, 8, 6, 0, 6, 4, 4, 2, 2, 0, 0, 2]
0x04: [0, 0, 0, 8, 0, 4, 4, 8, 0, 8, 8, 12, 2, 6, 2, 2]
0x05: [6, 0, 0, 2, 8, 0, 8, 4, 0, 2, 6, 0, 10, 6, 6, 6]
0x06: [0, 2, 12, 0, 8, 4, 8, 2, 4, 4, 4, 2, 6, 0, 6, 2]
0x07: [4, 6, 4, 12, 0, 4, 2, 0, 0, 14, 2, 6, 4, 0, 0, 6]
0x08: [0, 0, 0, 8, 0, 0, 6, 10, 0, 4, 12, 4, 6, 6, 0, 8]
0x09: [10, 8, 4, 8, 6, 2, 2, 0, 2, 6, 8, 2, 0, 6, 0, 0]
0x0a: [0, 10, 6, 2, 12, 2, 4, 0, 4, 4, 6, 4, 4, 0, 0, 6]
0x0b: [0, 2, 2, 2, 4, 8, 6, 4, 4, 0, 4, 2, 6, 4, 2, 14]
0x0c: [0, 0, 0, 4, 0, 4, 8, 4, 0, 2, 6, 0, 14, 12, 8, 2]
0x0d: [6, 6, 2, 4, 2, 6, 4, 6, 6, 4, 8, 8, 0, 2, 0, 0]
0x0e: [0, 12, 10, 10, 0, 2, 4, 2, 8, 6, 4, 2, 0, 0, 2, 2]
0x0f: [2, 0, 0, 0, 6, 8, 8, 0, 6, 2, 4, 6, 8, 0, 6, 8]
0x10: [0, 0, 0, 4, 0, 2, 8, 6, 0, 6, 4, 10, 8, 4, 8, 4]
0x11: [6, 10, 10, 4, 4, 2, 0, 4, 4, 0, 2, 8, 4, 2, 2, 2]
0x12: [0, 0, 8, 8, 2, 8, 2, 8, 6, 4, 2, 8, 0, 0, 8, 0]
0x13: [4, 4, 2, 2, 8, 6, 0, 2, 2, 2, 0, 4, 6, 8, 14, 0]
0x14: [0, 8, 6, 2, 8, 8, 2, 6, 4, 2, 0, 2, 8, 6, 0, 2]
0x15: [4, 4, 8, 2, 4, 0, 4, 10, 8, 2, 4, 4, 4, 2, 0, 4]
0x16: [0, 6, 10, 2, 2, 2, 2, 4, 10, 8, 2, 2, 0, 4, 10, 0]
0x17: [8, 2, 4, 2, 6, 4, 0, 6, 4, 4, 2, 2, 0, 4, 8, 8]
0x18: [0, 16, 2, 2, 6, 0, 6, 0, 6, 2, 8, 0, 6, 0, 2, 8]
0x19: [0, 8, 0, 2, 4, 4, 10, 4, 8, 0, 6, 4, 2, 6, 2, 4]
0x1a: [0, 2, 4, 8, 12, 4, 0, 6, 4, 4, 0, 2, 0, 6, 4, 8]
0x1b: [0, 6, 2, 6, 4, 2, 4, 4, 6, 4, 8, 4, 2, 0, 10, 2]
0x1c: [0, 8, 4, 4, 2, 6, 6, 6, 6, 4, 6, 8, 0, 2, 0, 2]
0x1d: [4, 4, 4, 0, 0, 2, 4, 2, 4, 2, 2, 4, 10, 10, 8, 4]
0x1e: [0, 0, 2, 2, 12, 6, 2, 0, 12, 2, 2, 4, 2, 6, 8, 4]
0x1f: [2, 2, 10, 14, 2, 4, 2, 4, 4, 6, 0, 2, 4, 8, 0, 0]
0x20: [0, 0, 0, 14, 0, 8, 4, 2, 0, 4, 2, 8, 2, 6, 0, 14]
0x21: [4, 2, 6, 2, 12, 2, 4, 0, 6, 4, 10, 2, 4, 2, 2, 2]
0x22: [10, 6, 0, 2, 4, 4, 10, 0, 4, 0, 12, 2, 8, 0, 0, 2]
0x23: [0, 6, 2, 2, 2, 4, 6, 10, 0, 4, 8, 2, 2, 6, 0, 10]
0x24: [4, 2, 0, 6, 8, 2, 6, 0, 8, 2, 2, 0, 8, 2, 12, 2]
0x25: [2, 0, 2, 16, 2, 4, 6, 4, 6, 8, 2, 4, 0, 6, 0, 2]
0x26: [6, 10, 0, 10, 0, 6, 4, 4, 2, 2, 4, 6, 2, 4, 2, 2]
0x27: [4, 0, 2, 0, 2, 2, 14, 0, 4, 6, 6, 2, 12, 2, 4, 4]
0x28: [14, 4, 6, 4, 4, 6, 2, 0, 6, 6, 2, 2, 4, 0, 2, 2]
0x29: [2, 2, 0, 2, 0, 8, 4, 2, 4, 6, 4, 4, 6, 4, 12, 4]
0x2a: [2, 4, 0, 0, 0, 2, 8, 12, 0, 8, 2, 4, 8, 4, 4, 6]
0x2b: [16, 6, 2, 4, 6, 10, 2, 2, 2, 2, 2, 2, 4, 2, 2, 0]
0x2c: [2, 6, 6, 8, 2, 2, 0, 6, 0, 8, 4, 2, 2, 6, 8, 2]
0x2d: [6, 2, 4, 2, 8, 8, 2, 8, 2, 4, 4, 0, 2, 0, 8, 4]
0x2e: [2, 4, 8, 0, 2, 2, 2, 4, 0, 2, 8, 4, 14, 6, 0, 6]
0x2f: [2, 2, 2, 8, 0, 2, 2, 6, 4, 6, 8, 8, 6, 2, 0, 6]
0x30: [0, 6, 8, 2, 8, 4, 4, 0, 10, 4, 4, 6, 0, 0, 2, 6]
0x31: [0, 8, 4, 0, 6, 2, 2, 6, 6, 0, 0, 2, 6, 4, 8, 10]
0x32: [2, 4, 0, 0, 6, 4, 10, 6, 6, 4, 6, 2, 4, 6, 2, 2]
0x33: [0, 16, 6, 8, 2, 0, 2, 2, 4, 2, 8, 4, 0, 4, 6, 0]
0x34: [0, 4, 14, 8, 2, 2, 2, 4, 16, 2, 2, 2, 0, 2, 0, 4]
0x35: [0, 6, 0, 0, 10, 8, 2, 2, 6, 0, 0, 8, 6, 4, 4, 8]
0x36: [2, 0, 2, 2, 4, 6, 4, 4, 2, 2, 4, 2, 4, 16, 10, 0]
0x37: [6, 6, 6, 8, 4, 2, 4, 4, 4, 0, 6, 8, 2, 4, 0, 0]
0x38: [0, 2, 2, 2, 8, 8, 0, 2, 2, 2, 0, 6, 6, 4, 10, 10]
0x39: [4, 4, 16, 8, 0, 6, 4, 2, 4, 4, 2, 6, 0, 2, 2, 0]
0x3a: [16, 6, 4, 0, 2, 0, 2, 6, 0, 4, 8, 10, 0, 0, 4, 2]
0x3b: [2, 0, 0, 2, 0, 4, 4, 4, 2, 6, 2, 6, 6, 12, 12, 2]
0x3c: [0, 0, 8, 0, 12, 8, 2, 6, 6, 4, 0, 2, 2, 4, 6, 4]
0x3d: [2, 4, 12, 2, 2, 2, 0, 4, 6, 10, 2, 6, 4, 2, 0, 6]
0x3e: [4, 6, 6, 6, 2, 0, 4, 8, 2, 10, 4, 6, 0, 4, 2, 0]
0x3f: [14, 0, 0, 0, 8, 0, 6, 8, 4, 2, 0, 0, 4, 8, 4, 6]
s8:
0x00: [64, 0, 0, 0, 0, 0, 0, 0, 0, 0, 0, 0, 0, 0, 0, 0]
0x01: [0, 0, 0, 6, 0, 16, 10, 0, 0, 0, 6, 0, 14, 6, 2, 4]
0x02: [0, 0, 0, 8, 0, 10, 4, 2, 0, 10, 2, 4, 8, 8, 6, 2]
0x03: [6, 0, 2, 8, 2, 6, 4, 0, 6, 6, 6, 2, 2, 0, 8, 6]
0x04: [0, 0, 0, 2, 0, 4, 6, 12, 0, 6, 8, 4, 10, 4, 8, 0]
0x05: [4, 10, 6, 0, 0, 2, 6, 0, 4, 10, 4, 6, 8, 2, 0, 2]
0x06: [0, 0, 10, 4, 6, 4, 4, 8, 2, 6, 4, 2, 4, 2, 2, 6]
0x07: [6, 2, 8, 2, 8, 10, 6, 6, 4, 2, 0, 4, 0, 0, 0, 6]
0x08: [0, 0, 0, 4, 0, 6, 4, 2, 0, 8, 6, 10, 8, 2, 2, 12]
0x09: [8, 4, 0, 6, 0, 4, 4, 6, 2, 4, 6, 2, 12, 2, 0, 4]
0x0a: [0, 0, 16, 4, 6, 6, 4, 0, 4, 6, 4, 2, 2, 0, 0, 10]
0x0b: [2, 8, 0, 6, 2, 6, 0, 4, 4, 10, 0, 2, 10, 2, 6, 2]
0x0c: [0, 0, 0, 2, 0, 10, 10, 6, 0, 6, 6, 6, 2, 6, 10, 0]
0x0d: [6, 0, 4, 10, 2, 0, 8, 6, 2, 2, 6, 10, 2, 2, 2, 2]
0x0e: [0, 0, 6, 8, 4, 8, 0, 2, 10, 6, 2, 4, 6, 2, 4, 2]
0x0f: [8, 0, 4, 2, 2, 4, 2, 2, 2, 6, 4, 6, 0, 2, 14, 6]
0x10: [0, 0, 0, 4, 0, 0, 8, 12, 0, 0, 8, 8, 2, 10, 6, 6]
0x11: [0, 6, 4, 6, 2, 2, 6, 6, 4, 6, 4, 6, 0, 4, 4, 4]
0x12: [0, 4, 0, 8, 6, 2, 8, 4, 2, 4, 4, 6, 2, 4, 10, 0]
0x13: [4, 2, 2, 6, 8, 6, 2, 2, 14, 2, 2, 4, 2, 2, 2, 4]
0x14: [0, 16, 4, 2, 6, 0, 2, 6, 4, 0, 4, 6, 4, 6, 4, 0]
0x15: [0, 10, 6, 0, 6, 0, 2, 8, 2, 2, 0, 8, 2, 6, 6, 6]
0x16: [0, 12, 6, 4, 6, 0, 0, 0, 8, 6, 6, 2, 2, 6, 4, 2]
0x17: [0, 6, 8, 0, 6, 2, 4, 6, 6, 0, 2, 6, 4, 4, 2, 8]
0x18: [0, 12, 2, 2, 8, 0, 8, 0, 10, 4, 4, 2, 4, 2, 0, 6]
0x19: [6, 4, 8, 0, 8, 0, 4, 2, 0, 0, 12, 2, 4, 6, 2, 6]
0x1a: [0, 4, 6, 2, 8, 8, 0, 4, 8, 0, 0, 0, 6, 2, 0, 16]
0x1b: [2, 4, 8, 10, 2, 4, 2, 8, 2, 4, 8, 2, 0, 2, 4, 2]
0x1c: [0, 12, 6, 4, 6, 4, 2, 2, 6, 0, 4, 4, 2, 10, 2, 0]
0x1d: [8, 6, 0, 0, 10, 0, 0, 8, 10, 4, 2, 2, 2, 8, 4, 0]
0x1e: [0, 4, 8, 6, 8, 2, 4, 4, 10, 2, 2, 4, 2, 0, 6, 2]
0x1f: [4, 2, 4, 2, 6, 2, 4, 0, 2, 6, 2, 2, 2, 16, 8, 2]
0x20: [0, 0, 0, 16, 0, 4, 0, 0, 0, 14, 6, 4, 2, 0, 4, 14]
0x21: [0, 0, 2, 10, 2, 8, 10, 0, 0, 6, 6, 0, 10, 2, 2, 6]
0x22: [8, 0, 6, 0, 6, 4, 10, 2, 0, 6, 8, 0, 4, 4, 2, 4]
0x23: [4, 8, 0, 6, 0, 4, 8, 6, 2, 2, 10, 4, 8, 0, 0, 2]
0x24: [4, 0, 4, 8, 4, 6, 2, 4, 8, 6, 2, 0, 0, 4, 4, 8]
0x25: [0, 4, 6, 8, 2, 8, 8, 0, 4, 2, 4, 4, 2, 2, 6, 4]
0x26: [2, 6, 0, 6, 4, 4, 4, 6, 6, 0, 4, 4, 10, 4, 2, 2]
0x27: [6, 6, 0, 0, 2, 2, 6, 2, 4, 4, 6, 10, 2, 6, 2, 6]
0x28: [10, 2, 6, 2, 4, 12, 12, 0, 2, 2, 4, 0, 0, 0, 2, 6]
0x29: [4, 0, 0, 14, 2, 10, 4, 2, 8, 6, 4, 0, 4, 2, 2, 2]
0x2a: [8, 8, 0, 2, 0, 2, 4, 0, 2, 6, 8, 14, 2, 8, 0, 0]
0x2b: [2, 2, 0, 0, 4, 2, 10, 4, 6, 2, 4, 0, 6, 4, 8, 10]
0x2c: [2, 6, 6, 2, 4, 6, 2, 0, 2, 6, 4, 0, 6, 4, 10, 4]
0x2d: [8, 0, 4, 4, 6, 2, 0, 0, 6, 8, 2, 4, 6, 4, 4, 6]
0x2e: [6, 2, 2, 4, 2, 2, 6, 12, 4, 0, 4, 2, 8, 8, 0, 2]
0x2f: [8, 12, 4, 6, 6, 4, 2, 2, 2, 2, 4, 2, 2, 4, 0, 4]
0x30: [0, 4, 6, 2, 10, 2, 2, 2, 4, 8, 0, 0, 8, 4, 6, 6]
0x31: [4, 6, 8, 0, 4, 6, 0, 4, 4, 6, 10, 2, 2, 4, 4, 0]
0x32: [6, 6, 6, 2, 4, 6, 0, 2, 0, 6, 8, 2, 2, 6, 6, 2]
0x33: [6, 6, 4, 2, 4, 0, 0, 10, 2, 2, 0, 6, 8, 4, 0, 10]
0x34: [0, 2, 12, 4, 10, 4, 0, 4, 12, 0, 2, 4, 2, 2, 2, 4]
0x35: [6, 4, 4, 0, 10, 0, 0, 4, 10, 0, 0, 4, 2, 8, 8, 4]
0x36: [4, 6, 2, 2, 2, 2, 6, 8, 6, 4, 2, 6, 0, 4, 10, 0]
0x37: [2, 2, 8, 2, 4, 4, 4, 2, 6, 2, 0, 10, 6, 10, 2, 0]
0x38: [0, 4, 8, 4, 2, 6, 6, 2, 4, 2, 2, 4, 6, 4, 4, 6]
0x39: [4, 4, 4, 8, 0, 6, 0, 6, 4, 8, 2, 2, 2, 4, 8, 2]
0x3a: [8, 8, 0, 4, 2, 0, 10, 4, 0, 0, 0, 4, 8, 6, 8, 2]
0x3b: [8, 2, 6, 4, 4, 4, 4, 0, 6, 4, 4, 6, 4, 4, 4, 0]
0x3c: [0, 6, 6, 6, 6, 0, 0, 8, 8, 2, 4, 8, 4, 2, 4, 0]
0x3d: [2, 2, 8, 0, 10, 0, 2, 12, 0, 4, 0, 8, 0, 2, 6, 8]
0x3e: [6, 4, 0, 0, 4, 4, 0, 10, 6, 2, 6, 12, 2, 4, 0, 4]
0x3f: [0, 6, 6, 0, 4, 4, 6, 10, 0, 6, 8, 2, 0, 4, 8, 0]
